447 63
446 64
445 64
444 65
442 65
441 64
439 64
441 64
442 65
441 66
438 66
438 67
437 68
434 68
433 67
430 67
433 67
434 68
433 69
429 69
430 70
429 71
426 71
425 72
424 72
423 73
421 73
420 72
417 72
420 72
421 73
420 74
417 74
415 76
412 76
411 75
407 75
411 75
412 76
411 77
409 77
408 78
407 78
406 77
407 78
406 79
403 79
402 80
401 80
400 81
398 81
397 80
393 80
396 80
397 81
396 82
394 82
392 84
389 84
388 83
384 83
388 83
389 84
388 85
384 85
384 86
383 87
380 87
379 88
378 88
377 89
376 89
375 88
373 88
375 88
376 89
375 90
372 90
371 89
372 90
372 91
371 92
370 92
369 93
368 93
368 94
369 95
369 96
372 96
373 97
377 97
378 98
383 98
384 99
383 100
373 100
383 100
384 99
390 99
392 101
398 101
399 102
398 103
392 103
394 103
395 104
396 104
397 105
396 106
395 106
393 108
392 107
391 107
392 108
386 114
384 114
383 113
384 114
384 115
382 117
381 117
380 118
379 117
379 116
380 115
381 115
380 115
377 118
376 118
377 118
378 117
379 117
380 118
377 121
376 121
375 120
374 120
373 121
372 121
373 121
374 122
374 123
373 124
372 124
371 123
370 123
371 123
372 124
371 125
370 125
370 126
369 127
368 127
366 129
365 128
363 128
362 129
361 129
362 129
363 130
363 131
362 132
361 132
360 131
359 131
360 131
361 132
359 134
358 133
359 134
358 135
357 135
355 137
354 137
353 136
354 137
353 138
352 138
352 139
351 140
350 140
349 139
348 139
347 140
347 141
348 142
347 143
346 143
345 142
344 142
345 142
346 143
344 145
343 144
342 144
343 144
344 145
343 146
342 146
340 148
339 147
337 147
338 147
339 148
337 150
336 149
337 150
336 151
335 151
334 150
333 150
334 150
335 151
335 152
334 153
333 153
332 152
331 152
332 152
333 153
332 154
331 154
329 156
328 156
327 155
326 155
327 155
328 156
326 158
325 157
326 158
325 159
324 159
323 158
322 158
323 158
324 159
324 160
323 161
322 161
321 160
320 160
321 160
322 161
321 162
320 162
320 163
319 164
318 164
317 163
316 163
317 163
318 164
316 166
315 165
316 166
315 167
314 167
312 169
311 169
310 168
311 169
310 170
309 170
308 169
307 169
308 169
309 170
309 171
308 172
307 172
306 171
305 171
306 171
307 172
305 174
304 173
305 174
304 175
303 175
301 177
300 177
299 176
298 176
297 177
298 178
298 179
297 180
296 180
295 179
294 179
295 179
296 180
294 182
293 181
294 182
293 183
292 183
291 182
289 182
291 182
292 183
290 185
289 185
288 184
287 184
286 185
287 184
288 184
289 185
286 188
285 188
284 187
283 187
284 187
285 188
282 191
281 191
280 190
281 189
280 190
279 190
280 190
281 191
279 193
278 192
277 192
278 192
279 193
278 194
277 194
273 198
272 197
272 198
271 199
270 199
269 198
270 197
269 198
268 198
269 198
270 199
270 200
269 201
268 201
267 200
266 200
267 200
268 201
267 202
266 202
262 206
261 205
261 206
260 207
259 207
258 206
257 206
258 206
259 207
259 208
258 209
257 209
256 208
255 208
254 209
255 208
256 208
257 209
254 212
253 212
252 211
251 211
252 211
253 212
250 215
249 215
248 214
249 213
248 214
247 214
248 214
249 215
249 216
248 217
247 217
246 216
245 216
246 216
247 217
246 218
245 218
242 221
238 221
237 222
236 222
237 222
238 223
236 225
235 224
234 224
235 224
236 225
235 226
234 226
232 228
231 228
230 227
229 227
230 227
231 228
230 229
229 229
229 230
228 231
227 231
226 230
227 229
226 230
225 230
226 230
227 231
225 233
224 232
223 232
224 232
225 233
224 234
223 234
219 238
218 238
217 237
217 236
217 237
216 238
214 238
215 238
216 239
216 240
215 241
214 241
213 240
212 240
211 241
212 240
213 240
214 241
211 244
210 244
209 243
208 243
209 243
210 244
208 246
206 244
206 245
205 246
204 246
205 246
206 247
204 249
203 248
201 248
200 249
201 248
202 248
203 249
200 252
199 252
198 251
197 251
198 251
199 252
198 253
197 253
197 254
196 255
195 255
193 257
192 256
191 256
192 256
193 257
192 258
191 258
189 260
188 260
187 259
186 259
185 260
185 261
186 262
185 263
184 263
183 262
182 262
183 262
184 263
182 265
181 264
180 264
181 264
182 265
181 266
179 266
178 265
179 266
179 267
178 268
177 268
176 267
175 267
174 268
174 269
175 270
174 271
173 271
172 270
171 270
172 270
173 271
171 273
170 272
169 272
168 273
167 273
168 274
168 275
167 276
166 275
165 275
166 275
167 276
166 277
165 277
164 278
163 277
164 278
161 281
160 281
159 280
158 280
157 281
156 281
157 281
158 282
158 283
157 284
156 284
155 283
154 283
155 283
156 284
155 285
154 285
153 286
152 285
153 286
150 289
149 289
148 288
147 288
148 288
149 289
148 290
147 290
145 292
144 291
143 291
144 291
145 292
144 293
143 293
139 297
138 297
137 296
138 297
137 298
136 298
136 299
135 300
134 300
133 299
132 299
133 299
134 300
132 302
131 301
130 301
129 302
128 302
129 302
130 303
128 305
127 304
126 304
127 304
128 305
127 306
126 306
124 308
123 307
121 307
123 307
124 308
123 309
122 309
121 310
120 309
121 310
118 313
117 313
116 312
115 312
116 312
117 313
116 314
115 314
113 316
112 315
111 315
112 315
113 316
112 317
110 317
110 318
109 319
108 319
107 318
108 319
108 320
107 321
106 321
105 320
104 320
105 320
106 321
105 322
104 322
102 324
101 323
100 323
101 323
102 324
100 326
99 325
100 326
99 327
98 327
97 328
96 328
95 329
94 328
95 329
94 330
93 330
91 332
90 331
89 331
90 331
91 332
90 333
88 333
89 334
88 335
87 335
86 336
85 336
84 337
83 336
84 337
83 338
82 338
80 340
79 339
78 339
79 339
80 340
79 341
77 341
78 342
77 343
76 343
75 342
74 342
75 342
76 343
75 344
72 344
73 345
70 348
69 348
68 347
67 347
68 347
69 348
68 349
67 349
67 350
66 351
65 351
64 350
65 351
63 353
62 352
63 353
62 354
61 354
60 355
57 355
58 355
59 356
58 357
56 357
56 358
55 359
54 359
53 358
54 359
52 361
51 360
51 361
50 362
49 362
48 363
48 364
47 365
47 369
48 370
48 372
49 372
50 373
50 374
51 375
52 375
53 374
54 374
55 375
54 374
55 373
56 373
57 372
60 372
59 372
58 371
59 370
60 370
60 369
62 367
63 367
64 366
65 367
64 366
65 365
66 365
66 364
67 363
68 364
70 364
69 364
68 363
70 361
71 362
70 361
71 360
72 360
73 361
74 361
73 361
72 360
75 357
77 357
78 358
77 357
77 356
78 355
79 356
81 356
80 356
79 355
80 354
82 354
81 353
82 352
83 352
84 353
83 352
84 351
87 351
86 351
85 350
86 349
87 349
89 347
90 348
91 348
90 348
89 347
91 345
92 346
91 345
92 344
93 344
95 342
96 343
97 343
96 343
95 342
96 341
97 341
99 339
100 340
102 340
101 340
100 339
102 337
103 338
102 337
103 336
104 336
105 337
106 337
105 337
104 336
105 335
108 335
107 335
106 334
107 333
108 333
110 331
111 332
113 332
112 332
111 331
116 326
117 326
118 327
117 326
118 325
119 325
119 324
120 323
121 323
122 324
123 324
122 324
121 323
123 321
124 322
123 321
124 320
125 320
126 321
127 321
126 321
125 320
126 319
129 319
128 319
127 318
128 317
129 317
131 315
132 316
134 316
132 316
131 315
132 314
133 314
134 313
135 314
134 313
135 312
136 312
137 313
136 312
136 311
137 310
138 311
140 311
139 311
138 310
139 309
140 309
142 307
143 308
144 308
143 308
142 307
143 306
145 306
145 305
148 302
149 303
150 303
149 302
150 301
151 301
151 300
152 299
153 299
154 300
155 300
154 300
153 299
155 297
156 298
155 297
156 296
157 296
158 297
159 297
158 297
157 296
159 294
160 295
161 295
160 295
159 294
160 293
161 293
163 291
164 292
166 292
165 292
164 291
166 289
167 290
166 289
167 288
168 288
169 289
170 289
169 289
168 288
171 285
173 285
174 286
173 285
173 284
174 283
175 284
177 284
176 284
175 283
177 281
178 282
177 281
178 280
179 280
180 281
181 281
180 281
179 280
181 278
182 279
183 279
182 279
181 278
182 277
183 277
185 275
186 276
187 276
186 276
185 275
187 273
188 274
187 273
188 272
189 272
192 269
194 269
195 270
194 269
194 268
195 267
196 267
197 268
198 268
197 268
196 267
198 265
199 266
198 265
199 264
200 264
201 265
202 265
201 265
200 264
202 262
203 262
204 263
203 262
204 261
205 261
206 262
205 261
205 260
206 259
207 259
208 260
209 260
208 260
207 259
209 257
210 258
209 257
210 256
211 256
212 257
213 257
212 257
211 256
213 254
214 255
215 255
214 255
213 254
214 253
215 253
217 251
218 252
219 252
218 252
217 251
219 249
220 250
220 249
221 248
222 248
223 249
224 249
223 249
222 248
222 247
223 246
224 246
225 247
226 247
225 247
224 246
225 245
226 245
228 243
229 244
230 244
229 244
228 243
230 241
231 242
231 241
232 240
233 240
234 241
235 241
234 241
233 240
235 238
236 239
237 239
236 239
235 238
236 237
237 237
239 235
240 236
241 236
240 236
239 235
241 233
242 234
243 234
244 233
245 233
244 233
243 232
245 230
246 230
247 231
246 230
249 227
250 228
252 228
251 228
250 227
251 226
252 226
252 225
253 224
254 224
255 225
256 225
255 225
254 224
256 222
257 223
258 223
257 223
256 222
257 221
258 221
260 219
261 220
262 220
261 220
260 219
262 217
263 218
263 217
264 216
265 216
266 217
265 216
267 214
268 215
267 214
268 213
269 213
270 214
269 213
269 212
270 211
271 211
272 212
273 212
272 212
271 211
272 210
274 210
274 209
275 208
276 209
277 209
276 209
275 208
276 207
277 207
277 206
278 205
279 205
281 203
282 204
283 204
282 203
283 202
284 202
284 201
285 200
286 200
287 201
288 201
287 201
286 200
288 198
289 199
290 199
289 199
288 198
289 197
290 197
292 195
293 196
294 196
293 195
294 194
295 194
295 193
296 192
297 192
298 193
299 193
298 193
297 192
299 190
300 191
301 191
300 191
299 190
300 189
301 189
305 185
306 186
306 185
307 184
308 185
309 185
308 185
307 184
309 182
310 182
311 183
310 182
313 179
314 179
315 180
316 180
315 180
314 179
315 178
318 178
319 177
320 177
319 177
318 176
320 174
321 175
323 175
324 174
323 173
323 172
324 171
325 171
326 172
327 172
326 172
325 171
326 170
327 170
327 169
328 168
329 168
330 169
329 170
330 169
331 169
330 169
329 168
331 166
332 167
333 167
332 166
335 163
336 163
337 164
338 164
337 164
336 163
337 162
338 162
338 161
339 160
340 160
341 161
340 162
341 161
342 161
341 161
340 160
342 158
343 159
344 159
343 159
342 158
343 157
344 157
347 154
348 154
349 153
350 154
349 153
350 152
351 152
353 150
354 151
356 151
354 151
353 150
354 149
356 149
356 148
357 147
358 147
359 148
360 148
359 148
358 147
360 145
361 146
360 145
361 144
362 144
363 145
364 145
363 145
362 144
364 142
365 143
366 143
367 142
368 142
367 141
367 140
369 138
370 138
371 137
372 138
372 139
371 140
370 140
371 140
372 139
372 138
371 137
372 136
373 136
374 137
375 137
374 137
373 136
375 134
376 135
377 135
376 135
375 134
376 133
377 133
379 131
380 131
381 132
382 132
381 132
380 131
382 129
383 130
382 129
383 128
384 128
385 129
386 129
385 129
384 128
386 126
387 127
388 127
387 127
386 126
387 125
388 125
390 123
391 124
393 124
392 124
391 123
393 121
394 122
393 121
394 120
395 120
396 121
397 121
396 121
395 120
395 119
396 118
397 118
398 119
399 119
398 119
397 118
398 117
399 117
401 115
402 116
403 116
402 116
401 115
403 113
404 114
403 113
404 112
405 112
408 109
410 109
411 110
412 110
411 110
410 109
410 108
411 107
412 107
413 108
414 108
413 108
412 107
414 105
415 106
414 105
416 103
417 103
418 104
417 105
418 104
419 104
420 105
419 106
420 105
422 107
421 108
420 108
421 108
422 107
423 108
423 109
422 110
423 109
424 110
424 111
425 111
426 112
426 113
427 113
428 114
428 115
427 116
428 115
429 116
429 117
431 119
433 119
434 118
434 117
435 116
435 112
437 110
437 106
438 105
439 106
439 109
439 106
438 105
438 103
439 102
439 101
440 100
440 98
441 97
442 97
442 93
443 92
444 93
444 95
444 93
443 92
443 89
445 87
445 84
446 83
447 84
447 87
447 84
446 83
446 81
448 79
449 80
449 82
449 80
448 79
448 76
449 75
450 76
450 72
451 71
452 72
452 74
452 72
451 71
451 68
452 67
452 64
451 63
